0 0.507375 0.4959411764705882 0.04775000000000001 0.6831294117647058
0 0.5543750000000001 0.42852941176470594 0.05521875000000005 0.8224705882352941
0 0.6053046875 0.41518823529411764 0.043640625000000016 0.8271764705882353
0 0.6439140625 0.49550588235294113 0.03729687500000001 0.6898823529411764
0 0.730171875 0.4879058823529412 0.09062500000000001 0.6935058823529411
0 0.6729765625000002 0.4330941176470588 0.035640625 0.7941882352941175
0 0.17459375 0.42149411764705874 0.1313125 0.6314588235294117
0 0.8011875 0.41688235294117637 0.07071874999999998 0.8233647058823529
0 0.8816875 0.4148117647058824 0.11181249999999993 0.823835294117647
0 0.955578125 0.4136941176470588 0.08884375000000003 0.8268705882352941
0 0.0249453125 0.4628588235294117 0.049890625 0.7771999999999999
