0 0.22928125000000002 0.5007421875000001 0.23139583333333333 0.06942187500000001
0 0.290375 0.21117968750000002 0.32525 0.07485937500000002
0 0.2643333333333333 0.7047109375 0.28108333333333324 0.07185937500000002
0 0.2687708333333333 0.8862578125000001 0.29129166666666667 0.13514062500000001
0 0.25347916666666664 0.3780859375000001 0.319125 0.054515625000000026
0 0.28002083333333333 0.29075 0.2968333333333332 0.032343749999999984
0 0.22297916666666667 0.62840625 0.22262500000000002 0.07281250000000004
0 0.26896875 0.8316250000000001 0.18606249999999996 0.07659374999999997
0 0.23859374999999997 0.3471328125 0.29135416666666664 0.05935937500000002
0 0.2615416666666667 0.25457812500000004 0.34454166666666663 0.048875
0 0.2576354166666667 0.40721093750000004 0.3089791666666667 0.033796875
0 0.25826041666666666 0.44400000000000006 0.3099375000000001 0.03887499999999999
0 0.25676041666666666 0.5833359375000001 0.3153125 0.074328125
0 0.26276041666666666 0.4301796875 0.31531250000000005 0.03829687499999999
0 0.2546458333333333 0.24030468750000003 0.32866666666666666 0.04304687500000002
