0 0.09946875 0.4842723004694836 0.12415624999999997 0.9550704225352113
0 0.9069843750000001 0.49549295774647883 0.17390624999999993 0.979718309859155
0 0.7359218750000001 0.35280516431924885 0.12265625000000001 0.6966431924882629
0 0.6051796875000002 0.27354460093896715 0.20745312500000007 0.5470892018779343
0 0.1981953125 0.36785211267605633 0.10320312500000002 0.7235915492957746
0 0.2596796875 0.3138967136150235 0.05373437499999998 0.6188262910798122
0 0.29616406250000005 0.26741784037558686 0.038890625000000026 0.5348356807511737
0 0.358234375 0.2505633802816901 0.08825 0.5011267605633802
0 0.45071875 0.06278169014084506 0.10446874999999999 0.1165962441314554
0 0.8132890625 0.47973004694835686 0.1244218749999999 0.957206572769953
